c PicoSAT SAT Solver Version 960
c Copyright (c) 2006 - 2014 Armin Biere JKU Linz
c gcc -Wall -Wextra -DNDEBUG -O3
c
c using 2 as default phase
c
c parsing sat.dimacs
c parsed header 'p cnf 6340 33221'
c initialized 6340 variables
c found 33221 non trivial clauses
c
c random number generator seed 0
c 
c  seconds     variables   original    learned     agility
c         level        used      conflicts    limit          MB
c 
c s   0.0   0.0  6340   0.0  1585     0     0     0   0.0   1.4 
c 
c initial reduction limit 1000 clauses
c 
c +   0.0 125.6  6340   5.4  1585   100   100  1100  12.9   1.5 
c R   0.0 125.6  6340   5.4  1585   100   100  1100  12.9   1.5 
c +   0.0  81.2  6340  16.3  1585   221   221  1210  15.4   1.5 
c +   0.0  69.4  6340  16.7  1585   367   367  1331  11.8   1.6 
c R   0.0  68.0  6340  16.8  1585   402   402  1331  13.0   1.6 
c +   0.0  59.8  6340  17.2  1585   543   543  1464  13.1   1.6 
c +   0.0  54.1  6340  22.3  1585   755   755  1610  15.3   1.7 
c +   0.1  48.3  6340  23.5  1585  1011  1011  1771  13.9   1.8 
c R   0.1  46.1  6340  24.4  1585  1209  1209  1771  15.5   1.8 
c +   0.1  49.9  6340  28.5  1585  1320  1320  1948  12.5   1.9 
c +   0.1  52.2  6340  61.9  1585  1693  1693  2142  15.2   2.0 
c +   0.1  48.8  6340  64.2  1585  2144  2144  2356  12.9   2.2 
c +   0.1  48.4  6340  65.1  1585  2689  1506  2591  13.8   1.9 
c R   0.1  49.4  6340  65.2  1585  3216  2033  2591  14.3   2.1 
c +   0.1  48.4  6340  65.5  1585  3348  2165  2850  15.1   2.1 
c +   0.1  45.5  6340  65.6  1585  4145  1530  3135  16.6   1.8 
c +   0.2  46.5  6340  65.7  1585  5109  2494  3448  13.8   2.2 
c +   0.2  46.2  6340  65.9  1585  6275  1920  3792  16.6   1.9 
c +   0.2  44.4  6340  66.2  1585  7685  3330  4171  15.4   2.4 
c R   0.3  43.9  6340  66.2  1585  8030  3675  4171  14.9   2.6 
c 
c  seconds     variables   original    learned     agility
c         level        used      conflicts    limit          MB
c 
c +   0.3  44.3  6340  66.3  1585  9391  2946  4588  14.8   2.2 
c +   0.4  44.7  6340  66.3  1585 11455  2684  5046  15.7   2.0 
c +   0.4  43.2  6340  66.4  1585 13952  2653  5550  15.4   1.9 
c +   0.5  43.2  6340  66.4  1585 16973  2884  6105  17.1   2.0 
c R   0.6  45.5  6340  66.4  1585 19250  5161  6105  17.2   2.6 
c +   0.7  45.0  6340  66.4  1585 20628  3478  6715  14.9   2.1 
c +   0.8  44.5  6340  66.4  1585 25050  4542  7386  15.3   2.4 
c +   1.0  43.5  6340  66.4  1585 30400  6195  8124  16.8   2.8 
c +   1.2  44.5  6340  66.4  1585 36873  4475  8936  16.4   2.2 
c +   1.4  53.8  6340  66.4  1585 44705  7796  9829  16.2   3.1 
c R   1.4  54.0  6340  66.4  1585 44896  7987  9829  14.9   3.1 
c +   1.8  52.9  6340  74.7  1585 54181  7344 10811  14.1   3.0 
c +   2.2  50.1  6340  74.8  1585 65646  7976 11892  16.5   3.0 
c +   2.7  49.0  6340  75.0  1585 79518  9939 13081  18.2   3.7 
c +   3.3  58.3  6340  75.0  1585 96303  6932 14389  15.7   2.5 
c R   3.6  61.2  6340  75.0  1585 102e3 13212 14389  15.1   4.3 
c +   4.1  58.7  6340  75.0  1585 116e3 12827 15827  14.8   4.2 
c +   5.1  58.5  6340  75.0  1585 141e3 13585 17409  15.3   4.3 
c +   6.3  59.5  6340  75.0  1585 170e3 17058 19149  14.3   5.3 
c +   7.8  63.9  6340  75.0  1585 206e3 14545 21063  19.4   4.3 
c R   8.7  68.7  6340  75.0  1585 230e3 17186 21063  16.1   4.9 
c +   9.4  66.7  6340  75.0  1585 250e3 15739 23169  17.7   4.5 
c 
c  seconds     variables   original    learned     agility
c         level        used      conflicts    limit          MB
c 
c +  11.5  62.6  6340  75.0  1585 303e3 21950 25485  16.1   6.1 
c +  14.3  60.4  6340  75.0  1585 366e3 21735 28033  14.3   5.5 
c +  17.5  60.1  6340  75.0  1585 443e3 14428 30836  16.3   3.2 
c R  21.5  61.5  6340  75.0  1585 512e3 21149 30836  15.0   4.9 
c +  23.0  60.3  6340  75.0  1585 537e3 30162 33919  14.8   7.7 
c +  30.1  59.2  6340  75.0  1585 650e3 23906 37310  13.6   5.8 
c +  38.7  58.7  6340  75.0  1585 786e3 29522 41041  17.0   7.6 
c +  47.7  57.4  6340  96.6  1585 952e3 30003 45145  14.7   6.9 
c R  58.8  61.9  6340 100.0  1585 112e4 24839 45145  17.7   5.0 
c +  60.1  61.4  6340 100.0  1585 115e4 26293 49659  15.6   5.4 
c +  73.4  60.5  6340 100.0  1585 139e4 44321 54624  15.4  10.4 
c +  90.8  60.6  6340 100.0  1585 168e4 35817 60086  15.6   7.1 
c + 112.3  59.3  6340 100.0  1585 204e4 58896 66094  15.1  13.4 
c R 152.4  64.6  6340 100.0  1585 246e4 47059 66094  15.7  10.4 
c + 153.2  64.5  6340 100.0  1585 246e4 56174 72703  15.6  13.0 
c + 189.3  64.2  6340 100.0  1585 298e4 65228 79973  16.9  15.5 
c + 236.9  64.4  6340 100.0  1585 361e4 51590 87970  15.2  10.2 
c + 296.2  63.3  6340 100.0  1585 437e4 61881 96767  15.7  12.6 
c + 406.2  63.1  6340 100.0  1585 529e4 59412 106e3  17.8  10.9 
c R 411.9  63.1  6340 100.0  1585 533e4 95960 106e3  17.4  22.2 
c + 506.0  62.8  6340 100.0  1585 640e4 105e3 117e3  15.6  24.5 
c + 672.0  62.9  6340 100.0  1585 775e4 102e3 128e3  17.0  21.6 
c 
c  seconds     variables   original    learned     agility
c         level        used      conflicts    limit          MB
c 
c + 857.0  62.4  6340 100.0  1585 938e4 118e3 141e3  16.7  24.5 
c + 117e1  62.7  6340 100.0  1585 113e5 100e3 155e3  17.3  19.4 
c R 119e1  62.8  6340 100.0  1585 114e5 153e3 155e3  14.3  36.4 
c + 156e1  62.8  6340 100.0  1585 137e5 143e3 171e3  15.9  32.6 
c + 207e1  62.8  6340 100.0  1585 166e5 109e3 188e3  17.0  19.0 
c + 272e1  62.6  6340 100.0  1585 201e5 106e3 207e3  16.5  16.0 
c + 371e1  63.2  6340 100.0  1585 243e5 170e3 228e3  17.2  34.7 
c R 381e1  63.2  6340 100.0  1585 246e5 213e3 228e3  17.8  46.7 
c + 471e1  63.5  6340 100.0  1585 294e5 140e3 250e3  16.2  22.1 
c + 641e1  63.3  6340 100.0  1585 356e5 168e3 276e3  16.6  26.6 
c + 828e1  63.4  6340 100.0  1585 431e5 187e3 303e3  15.6  33.6 
c + 116e2  63.7  6340 100.0  1585 521e5 265e3 334e3  14.2  56.6 
c R 117e2  63.7  6340 100.0  1585 524e5 257e3 334e3  15.9  55.2 
c + 147e2  63.2  6340 100.0  1585 631e5 184e3 367e3  17.8  27.1 
c + 189e2  63.2  6340 100.0  1585 763e5 193e3 404e3  17.3  26.0 
c + 241e2  62.8  6340 100.0  1585 924e5 248e3 444e3  16.5  38.2 
c R 334e2  63.6  6340 100.0  1585 111e6 444e3 444e3  14.6  96.8 
c + 335e2  63.6  6340 100.0  1585 111e6 280e3 489e3  12.6  42.3 
c + 432e2  63.3  6340 100.0  1585 135e6 263e3 537e3  15.8  33.9 
c + 576e2  62.9  6340 100.0  1585 163e6 403e3 591e3  17.5  79.2 
c + 737e2  62.4  6340 100.0  1585 198e6 430e3 650e3  18.9  80.1 
c s 925e2  62.0  6339 100.0  1585 235e6 534e3 650e3  16.9 104.9 
c 
c  seconds     variables   original    learned     agility
c         level        used      conflicts    limit          MB
c 
c R 925e2  62.0  6339 100.0  1585 235e6 534e3 650e3  16.4 104.9 
c R 925e2  62.0  6339 100.0  1585 235e6 534e3 650e3  19.3 105.0 
c R 925e2  62.0  6339 100.0  1585 235e6 535e3 650e3  15.3 105.3 
c R 925e2  62.0  6339 100.0  1585 235e6 537e3 650e3  20.4 105.8 
c R 925e2  62.0  6339 100.0  1585 235e6 542e3 650e3  16.1 107.1 
c R 925e2  62.0  6339 100.0  1585 235e6 553e3 650e3  17.6 110.1 
c R 925e2  62.0  6339 100.0  1585 235e6 579e3 650e3  16.9 117.0 
c R 926e2  62.0  6339 100.0  1585 235e6 636e3 650e3  18.1 133.4 
c R 926e2  62.0  6339 100.0  1585 235e6 439e3 650e3  16.6  75.2 
c s 928e2  61.9  6338 100.0  1585 235e6 500e3 650e3  16.8  90.5 
c R 928e2  61.9  6338 100.0  1585 235e6 500e3 650e3  17.2  90.6 
c R 928e2  61.9  6338 100.0  1585 235e6 500e3 650e3  19.4  90.7 
c R 928e2  61.9  6338 100.0  1585 235e6 501e3 650e3  17.9  90.9 
c R 928e2  61.9  6338 100.0  1585 235e6 503e3 650e3  16.5  91.4 
c R 928e2  61.9  6338 100.0  1585 235e6 508e3 650e3  19.7  92.7 
c R 928e2  61.9  6338 100.0  1585 235e6 519e3 650e3  18.2  96.0 
c R 928e2  61.9  6338 100.0  1585 235e6 545e3 650e3  19.8 103.5 
c R 928e2  61.9  6338 100.0  1585 235e6 602e3 650e3  18.2 120.1 
c R 929e2  61.9  6338 100.0  1585 235e6 405e3 650e3  17.3  66.1 
c s 930e2  61.9  6337 100.0  1585 235e6 566e3 650e3  15.5 110.3 
c R 930e2  61.9  6337 100.0  1585 235e6 566e3 650e3  17.3 110.4 
c R 930e2  61.9  6337 100.0  1585 235e6 566e3 650e3  19.4 110.5 
c 
c  seconds     variables   original    learned     agility
c         level        used      conflicts    limit          MB
c 
c R 930e2  61.9  6337 100.0  1585 235e6 567e3 650e3  18.3 110.7 
c R 930e2  61.9  6337 100.0  1585 235e6 569e3 650e3  17.4 111.2 
c R 930e2  61.9  6337 100.0  1585 235e6 574e3 650e3  16.8 112.5 
c R 930e2  61.9  6337 100.0  1585 235e6 585e3 650e3  15.7 115.6 
c R 930e2  61.9  6337 100.0  1585 235e6 611e3 650e3  18.6 122.6 
c R 930e2  61.9  6337 100.0  1585 236e6 343e3 650e3  16.2  48.4 
c R 931e2  61.9  6337 100.0  1585 236e6 471e3 650e3  18.9  84.1 
c s 931e2  61.9  6336 100.0  1585 236e6 517e3 650e3  15.3  96.7 
c R 931e2  61.9  6336 100.0  1585 236e6 517e3 650e3  17.5  96.7 
c R 931e2  61.9  6336 100.0  1585 236e6 518e3 650e3  16.6  96.8 
c R 931e2  61.9  6336 100.0  1585 236e6 518e3 650e3  15.8  97.0 
c R 931e2  61.9  6336 100.0  1585 236e6 520e3 650e3  18.4  97.5 
c R 931e2  61.9  6336 100.0  1585 236e6 525e3 650e3  17.8  98.8 
c R 932e2  61.9  6336 100.0  1585 236e6 536e3 650e3  17.3 101.6 
c s 932e2  61.9  6275 100.0  1584 236e6 472e3 650e3  16.6  86.9 
c R 932e2  61.9  6275 100.0  1584 236e6 472e3 650e3  15.9  86.9 
c R 932e2  61.9  6275 100.0  1584 236e6 472e3 650e3  17.8  87.0 
c R 932e2  61.9  6275 100.0  1584 236e6 473e3 650e3  16.4  87.2 
c R 932e2  61.9  6275 100.0  1584 236e6 475e3 650e3  16.8  87.7 
c R 932e2  61.9  6275 100.0  1584 236e6 480e3 650e3  16.6  89.0 
c R 932e2  61.9  6275 100.0  1584 236e6 491e3 650e3  15.3  92.0 
c R 932e2  61.9  6275 100.0  1584 236e6 517e3 650e3  18.3  99.4 
c 
c  seconds     variables   original    learned     agility
c         level        used      conflicts    limit          MB
c 
c R 932e2  61.8  6275 100.0  1584 236e6 575e3 650e3  17.0 115.9 
c R 933e2  61.8  6275 100.0  1584 236e6 377e3 650e3  13.6  58.5 
c R 935e2  61.8  6275 100.0  1584 236e6 334e3 650e3  13.7  46.1 
c s 935e2  61.8  6274 100.0  1584 236e6 334e3 650e3  15.6  46.3 
c R 935e2  61.8  6274 100.0  1584 236e6 334e3 650e3  17.4  46.3 
c R 935e2  61.8  6274 100.0  1584 236e6 335e3 650e3  15.6  46.3 
c R 935e2  61.8  6274 100.0  1584 236e6 335e3 650e3  17.3  46.6 
c R 935e2  61.8  6274 100.0  1584 236e6 337e3 650e3  17.6  47.1 
c R 935e2  61.8  6274 100.0  1584 236e6 342e3 650e3  15.9  48.2 
c R 935e2  61.8  6274 100.0  1584 236e6 353e3 650e3  16.6  51.1 
c R 935e2  61.8  6274 100.0  1584 236e6 379e3 650e3  17.8  57.3 
c s 936e2  61.8  6252 100.0  1583 236e6 391e3 650e3  16.3  59.2 
c R 936e2  61.8  6252 100.0  1583 236e6 391e3 650e3  16.1  59.2 
c R 936e2  61.8  6252 100.0  1583 236e6 391e3 650e3  16.0  59.3 
c R 936e2  61.8  6240 100.0  1583 236e6 392e3 650e3  15.0  59.4 
c 0 936e2  61.8  5889 100.0  1583 236e6 392e3 650e3  17.5  59.5 
c 
c  seconds     variables   original    learned     agility
c         level        used      conflicts    limit          MB
c 
s UNSATISFIABLE
c
c 16 iterations
c 266232 restarts
c 0 failed literals
c 236850853 conflicts
c 295189672 decisions
c 451 fixed variables
c 4274931767 learned literals
c 104.1% deleted literals
c 59968951957 propagations
c 1520368895627 visits
c 100.0% variables used
c 93598.6 seconds in library
c 0.6 megaprops/second
c 16.2 megavisits/second
c probing 2.6 seconds 0%
c 8 simplifications
c 1382 reductions
c 71665.8 MB recycled
c 155.6 MB maximally allocated
c 93598.6 seconds total run time
